 0	0
 7.702482680656329	2.8024937607098503
 15.337404762359128	5.579425411074476
 22.905948971708796	8.331233803672763
 30.409267181972552	11.058346342889315
 37.84848147922175	13.761179380498389
 45.22468518273619	16.440138594279027
 52.53894382201272	19.095619350528626
 59.79229607257719	21.728007051290824
 66.98575465266953	24.33767746706575
 74.1203071827515	26.92499705572594
 81.19691700967404	29.490323268319493
 88.21652399723587	32.03400484240303
 95.18004528476709	34.55638208351053
 102.08837601527893	37.057787135330024
 108.9423900346353	39.53854423912811
 115.74294056312083	41.9989699829324
 122.49086084070439	44.43937354095398
 129.1869647472267	46.86005690370551
 135.8320473986736	49.26131509924622
 142.42688572063457	51.64343640596159
 148.97223899998735	54.006702557264035
 155.46884941579452	56.351388938580314
 161.91744255034598	58.677764776972225
 168.31872788123292	60.98609332371919
 174.67339925529288	63.27663203017423
 180.98213534522256	65.5496327171889
 187.24560008961416	67.80534173838765
 193.46444311713313	70.04400013755807
 199.6393001555192	72.26584380040968
 205.77079342605825	74.471103600942
 211.85953202414055	76.66000554264998
 217.9061122864914	78.83277089478422
 223.9111181456303	80.98961632387254
 229.875121472089	83.13075402069951
 235.79868240489276	85.2563918229311
 241.68234967078493	87.3667333335626
 247.52666089265247	89.46197803535965
 253.33214288758836	91.54232140145405
 259.0993119550063	93.60795500224856
 264.828674155204	95.65906660877769
 270.5207255787526	97.69584029266464
 276.1759526070736	99.71845652280818
 281.7948321645462	101.72709225892729
 287.37783196247466	103.72192104208513
 292.92541073522864	105.70311308230916
 298.43801846885674	107.67083534341825
 303.9160966224592	109.6252516251632
 309.3600783425939	111.56652264278227
 314.77038867097707	113.49480610406877
 320.14744474572916	115.4102567840436
 325.4916559964053	117.31302659732155
 330.80342433303974	119.20326466825662
 336.0831443294232	121.08111739894731
 341.3312034008236	122.94672853518031
 346.547981976351	124.80023923038688
 351.7338536661598	126.64178810768352
 356.88918542367213	128.47151132006556
 362.01433770300065	130.28954260881906
 367.1096646117391	132.0960133602144
 372.17551405928424	133.8910526605415
 377.21222790084494	135.67478734954477
 382.220142077288	137.44734207231357
 387.1995867509652	139.2088393296811
 392.15088643765796	140.95939952718322
 397.07436013477434	142.69914102262624
 401.97032144592333	144.42818017231076
 406.83907870199	146.14663137595727
 411.6809350788288	147.8546071203766
 416.4961887116872	149.55221802192756
 421.2851328064688	151.23957286780146
 426.04805574794017	152.91677865617288
 430.78524120498076	154.58394063525333
 435.49696823297415	156.2411623412839
 440.18351137343154	157.88854563550126
 444.84514075093807	159.5261907401101
 449.4821221675075	161.1541962732941
 454.094717194428	162.77265928329575
 458.6831832616787	164.38167528159508
 463.2477737449944	165.98133827521548
 467.78873805065086	167.57174079818404
 472.30632169804386	169.15297394217293
 476.8007664001291	170.72512738634734
 481.2723101417899	172.28828942644435
 485.7211872561964	173.84254700310666
 490.14762849921766	175.3879857294937
 494.5518611219458	176.92468991819246
 498.93410894139	178.45274260744893
 503.2945924093946	179.97222558674096
 507.63352867983616	181.4832194217121
 511.9511316741485	182.9858034784855
 516.2476121452281	184.48005594737646
 520.5231777397659	185.96605386602116
 524.7780330590516	187.44387314193904
 529.0123797182974	188.91358857454512
 533.2264164045216	190.37527387662846
 537.4203389330352	191.82900169531212
 541.594340302572	193.27484363250974
 545.7486107491006	194.71287026489313
 549.8833377983558	196.1431511633846
 553.9987063171266	197.565754912188
 558.094898563335	198.98074912737107
 562.1720942349413	200.38820047501216
 566.2304705177055	201.78817468892308
 570.2702021318419	203.1807365879604
 574.2914613775916	204.56595009293622
 578.2944181797485	205.94387824313958
 582.2792401311627	207.31458321247953
 586.2460925352535	208.67812632525977
 590.1951384475557	210.0345680715952
 594.1265387163276	211.38396812248
 598.0404520222451	212.72638534451673
 601.9370349172063	214.06187781431535
 605.8164418622715	215.39050283257149
 609.6788252647601	216.71231693783176
 613.5243355145284	218.02737591995523
 617.3531210194485	219.33573483327848
 621.1653282401104	220.63744800949232
 624.961101723767	221.93256907023772
 628.7405841375422	223.22115093942816
 632.5039163009207	224.5032458553056
 636.2512372175383	225.7789053822369
 639.9826841062916	227.0481804222574
 643.698392431782	228.31112122636804
 647.3984959341151	229.56777740559272
 651.083126658067	230.81819794180123
 654.7524149816381	232.0624311983044
 658.406489644006	233.30052493022694
 662.0454777728957	234.53252629466343
 665.6695049113792	235.75848186062305
 669.2786950441212	236.97843761876828
 672.8731706230808	238.1924389909526
 676.453052592688	239.4005308395622
 680.0184604145024	240.6027574766665
 683.5695120913709	241.79916267298225
 687.1063241910941	242.98978966665555
 690.6290118696147	244.1746811718665
 694.137688893739	245.35387938726035
 697.6324676634025	246.5274260042099
 701.1134592334911	247.69536221491265
 704.5807733352277	248.85772872032692
 708.0345183971358	250.0145657379508
 711.4748015655882	251.1659130094475
 714.9017287249534	252.31180980812093
 718.3154045173457	253.45229494624465
 721.7159323619915	254.58740678224825
 725.1034144742187	255.71718322776385
 728.4779518840785	256.8416617545363
 731.8396444546088	257.9608794012002
 735.1885908997461	259.0748727799269
 738.5248888018957	260.1836780829441
 741.848634629166	261.2873310889313
 745.1599237522764	262.38586716929416
 748.4588504611454	263.47932129431973
 751.7455079811657	264.56772803921604
 755.0199884891742	265.6511215900382
 758.2823831291236	266.7295357495038
 761.5327820274609	267.80300394269983
 764.7712743082227	268.8715592226839
 767.9979481078485	269.9352342759818
 771.212890589724	270.9940614279837
 774.416187958455	272.0480726482413
 777.6079254738821	273.0972995556685
 780.788187464839	274.14177342364667
 783.9570573426614	275.181525185038
 787.1146176144515	276.21658543710754
 790.2609498961034	277.24698444635675
 793.3961349250949	278.2727521532705
 796.5202525730499	279.2939181769788
 799.6333818580772	280.3105118198357
 802.73560095689	281.3225620719165
 805.8269872167109	282.33009761543576
 808.9076171669666	283.3331468290872
 811.9775665307775	284.33173779230714
 815.0369102362461	285.3258982894638
 818.0857224275476	286.31565581397274
 821.1240764758285	287.30103757234144
 824.1520449899157	288.28207048814335
 827.169699826841	289.25878120592347
 830.1771121021841	290.23119609503664
 833.1743522002386	291.19934125342
 836.1614897840037	292.1632425113011
 839.1385938050063	293.1229254348427
 842.1057325129555	294.07841532972566
 845.0629734652347	295.02973724467137
 848.0103835362329	295.9769159749047
 850.9480289265197	296.91997606555884
 853.8759751718659	297.8589418150228
 856.7942871521143	298.7938372782334
 859.7030290999024	299.7246862699126
 862.6022646092409	300.6515123677505
 865.4920566439498	301.57433891553654
 868.3724675459558	302.4931890262385
 871.2435590434541	303.40808558503124
 874.1053922589351	304.3190512522759
 876.9580277170824	305.22610846645057
 879.8015253525398	306.12927944703284
 882.6359445175547	307.0285861973364
 885.4613439894965	307.9240505073011
 888.2777819782551	308.8156939562388
 891.0853161335195	309.70353791553447
 893.8840035519411	310.58760355130454
 896.6739007841817	311.4679118270127
 899.4550638418505	312.3444835060441
 902.2275482043302	313.2173391542391
 904.9914088254964	314.0864991423863
 907.7467001403298	314.9519836486771
 910.4934760714261	315.8138126611214
 913.2317900354029	316.6720059799252
 915.9616949492071	317.52658321983176
 918.6832432363245	318.377563812426
 921.3964868328928	319.22496700840304
 924.1014771937203	320.0688118798022
 926.7982652982113	320.9091173222058
 929.4869016562018	321.7459020569053
 932.1674363137046	322.57918463303315
 934.8399188585673	323.40898342966284
 937.5043984260442	324.2353166578768
 940.1609237042834	325.0582023628029
 942.8095429397312	325.87765842562004
 945.4503039424549	326.693702565534
 948.0832540913855	327.5063523417229
 950.7084403394821	328.31562515525394
 953.3259092188187	329.12153825097147
 955.9357068455956	329.9241087193569
 958.5378789250764	330.723353498361
 961.1324707564512	331.5192893752089
 963.7195272376289	332.31193298817874
 966.2990928699586	333.10130082835394
 968.8712117628813	333.8874092413498
 971.4359276385143	334.67027442901497
 973.9932838361677	335.4499124511077
 976.5433233167963	336.22633922694837
 979.0860886673862	336.99957053704736
 981.6216221052778	337.76962202470975
 984.1499654824271	338.53650919761697
 986.6711602896053	339.3002474293853
 989.1852476605382	340.0608519611026
 991.6922683759863	340.8183379028425
 994.1922628677672	341.57272023515725
 996.6852712227202	342.3240138105496
 999.1713331866149	343.07223335492347
 1001.650488168005	343.81739346901406
 1004.122775242027	344.5595086297982
 1006.5882331541461	345.2985931918845
 1009.0469003238491	346.03466138888433
 1011.4988148482861	346.76772733476344
 1013.9440145058616	347.49780502517467
 1016.3825367597747	348.22490833877237
 1018.8144187615113	348.94905103850846
 1021.2396973542878	349.6702467729107
 1023.6584090764466	350.38850907734314
 1026.0705901648055	351.1038513752495
 1028.4762765579617	351.8162869793793
 1030.8755038995494	352.52582909299724
 1033.268307541454	353.2324908110764
 1035.6547225469824	353.9362851214747
 1038.034783693989	354.6372249060961
 1040.4085254779625	355.3353229420352
 1042.7759821150673	356.03059190270733
 1045.1371875451468	356.7230443589629
 1047.4921754346854	357.4126927801869
 1049.8409791797299	358.09954953538374
 1052.1836319087743	358.78362689424773
 1054.520166485604	359.4649370282191
 1056.8506155121036	360.14349201152606
 1059.175011331026	360.8193038222134
 1061.4933860287272	361.4923843431569
 1063.8057714378626	362.16274536306514
 1066.1121991400505	362.8303985774673
 1068.412700468498	363.49535558968887
 1070.707306510595	364.1576279118141
 1072.9960481104722	364.81722696563594
 1075.2789558715285	365.474164083594
 1077.5560601589227	366.1284505097001
 1079.8273911020353	366.7800974004515
 1082.0929785968972	367.4291158257333
 1084.3528523085877	368.0755167697082
 1086.607041673602	368.71931113169563
 1088.8555759021879	369.36050972703924
 1091.0984839806524	369.9991232879634
 1093.3357946736405	370.6351624644189
 1095.5675365263826	371.2686378249178
 1097.7937378669155	371.8995598573577
 1100.014426808275	372.5279389698358
 1102.2296312506596	373.15378549145254
 1104.4393788835687	373.7771096731051
 1106.6436971879125	374.397921688271
 1108.8426134380968	375.0162316337822
 1111.036154704081	375.6320495305889
 1113.22434785341	376.2453853245146
 1115.407219553223	376.8562488870012
 1117.5847962722346	377.46465001584517
 1119.7571042826935	378.07059843592464
 1121.9241696623162	378.6741037999173
 1124.0860182961972	379.2751756890098
 1126.2426758786953	379.87382361359835
 1128.3941679152979	380.47005701398047
 1130.5405197244613	381.0638852610388
 1132.6817564394294	381.6553176569163
 1134.8179030100298	382.24436343568317
 1136.9489842044488	382.83103176399607
 1139.0750246109847	383.4153317417489
 1141.196048639779	383.99727240271613
 1143.312080524529	384.57686271518827
 1145.4231443241767	385.1541115825996
 1147.529263924581	385.72902784414873
 1149.6304630401673	386.30162027541127
 1151.7267652155583	386.8718975889456
 1153.8181938271857	387.4398684348915
 1155.9047720848828	388.0055414015611
 1157.9865230334576	388.5689250160238
 1160.063469554248	389.1300277446832
 1162.135634366659	389.68885799384833
 1164.2030400296799	390.2454241102973
 1166.265708943387	390.7997343818348
 1168.3236633504252	391.35179703784314
 1170.3769253374755	391.90162024982664
 1172.4255168367029	392.4492121319497
 1174.4694596271886	392.99458074156894
 1176.5087753363462	393.53773407975876
 1178.5434854413204	394.0786800918312
 1180.5736112703705	394.6174266678495
 1182.599174004237	395.1539816431361
 1184.6201946774936	395.6883527987746
 1186.6366941798829	396.2205478621059
 1188.648693257637	396.7505745072189
 1190.656212514784	397.2784403554356
 1192.6592724144386	397.80415297579043
 1194.6578932800776	398.3277198855045
 1196.6520952968021	398.8491485504543
 1198.6418985125856	399.36844638563497
 1200.6273228395069	399.88562075561885
 1202.6083880549695	400.4006789750082
 1204.5851138029086	400.91362830888346
 1206.5575195949825	401.4244759732462
 1208.525624811752	401.9332291354572
 1210.489448703847	402.43989491466954
 1212.4490103931187	402.94448038225704
 1214.40432887378	403.446992562238
 1216.355423013534	403.94743843169397
 1218.302311554688	404.44582492118434
 1220.2450131152577	404.9421589151559
 1222.1835461900566	405.43644725234833
 1224.1179291517756	405.92869672619474
 1226.04818025205	406.4189140852185
 1227.9743176225152	406.9071060334251
 1229.8963592758491	407.3932792306904
 1231.8143231068066	407.8774402931437
 1233.7282268932395	408.35959579354795
 1235.6380882971073	408.8397522616746
 1237.5439248654764	409.31791618467537
 1239.4457540315086	409.7940940074493
 1241.3435931154395	410.2682921330064
 1243.2374593255452	410.7405169228271
 1245.1273697590998	411.210774697218
 1247.0133414033226	411.6790717356637
 1248.8953911363142	412.1454142771749
 1250.7735357279835	412.609808520633
 1252.6477918409646	413.07226062513087
 1254.5181760315245	413.53277671030986
 1256.3847047504603	413.99136285669374
 1258.2473943439873	414.44802510601863
 1260.1062610546178	414.9027694615597
 1261.9613210220311	415.3556018884545
 1263.812590283934	415.80652831402256
 1265.6600847769112	416.2555546280822
 1267.5038203372692	416.70268668326366
 1269.3438127018694	417.147930295319
 1271.1800775089534	417.5912912434287
 1273.0126302989595	418.03277527050574
 1274.8414865153306	418.4723880834954
 1276.6666615053148	418.91013535367296
 1278.4881705207554	419.346022716938
 1280.306028718876	419.78005577410556
 1282.1202511630545	420.2122400911943
 1283.9308528235913	420.642581199712
 1285.7378485784682	421.0710845969381
 1287.5412532141006	421.4977557462028
 1289.3410814260817	421.9226000771642
 1291.1373478199184	422.345622986082
 1292.930066911761	422.76682983608856
 1294.719253129125	423.1862259574575
 1296.5049208116052	423.6038166478692
 1298.2870842115826	424.01960717267394
 1300.065757494925	424.4336027651521
 1301.8409547416804	424.84580862677205
 1303.612689946762	425.2562299274454
 1305.3809770206283	425.6648718057795
 1307.1458297899553	426.0717393693277
 1308.9072619983028	426.47683769483683
 1310.6652873067726	426.88017182849256
 1312.4199192946617	427.2817467861621
 1314.1711714601083	427.6815675536346
 1315.9190572207322	428.07963908685906
 1317.6635899142668	428.4759663121801
 1319.404782799188	428.87055412657116
 1321.1426490553345	429.2634073978658
 1322.8772017845217	429.6545309649863
 1324.608454011153	430.0439296381702
 1326.3364186828207	430.4316081991949
 1328.0611086709043	430.8175714015997
 1329.7825367711614	431.2018239709058
 1331.500715704313	431.5843706048343
 1333.2156581166244	431.9652159735219
 1334.9273765804778	432.34436471973464
 1336.6358835949432	432.72182145907965
 1338.3411915863396	433.0975907802148
 1340.0433129087944	433.471677245056
 1341.742259844795	433.84408538898344
 1343.4380446057362	434.2148197210446
 1345.1306793324627	434.58388472415646
 1346.820176095805	434.9512848553051
 1348.5065468971115	435.3170245457438
 1350.1898036687755	435.6811082011887
 1351.8699582747563	436.0435402020135
 1353.547022511096	436.40432490344153
 1355.2210081064316	436.76346663573634
 1356.8919267225017	437.1209697043904
 1358.559789954649	437.4768383903123
 1360.2246093323172	437.8310769500118
 1361.8863963195445	438.1836896157833
 1363.5451623154513	438.53468059588795
 1365.2009186547243	438.8840540747334
 1366.8536766080952	439.2318142130525
 1368.5034473828155	439.5779651480798
 1370.1502421231269	439.922510993727
 1371.7940719107269	440.26545584075626
 1373.4349477652308	440.60680375695233
 1375.0728806446289	440.94655878729264
 1376.707881445739	441.28472495411626
 1378.3399610046563	441.6213062572911
 1379.9691300971974	441.9563066743797
 1381.5953994393412	442.2897301608032
 1383.218779687666	442.6215806500042
 1384.8392814397819	442.95186205360807
 1386.456915234759	443.2805782615825
 1388.0716915535531	443.60773314239583
 1389.6836208194266	443.93333054317407
 1391.2927133983646	444.2573742898562
 1392.8989795994896	444.57986818734844
 1394.5024296754705	444.90081601967665
 1396.1030738229283	445.22022155013786
 1397.7009221828391	445.53808852145005
 1399.295984840932	445.85442065590087
 1400.888271828085	446.1692216554948
 1402.4777931207152	446.48249520209936
 1404.0645586411686	446.79424495758946
 1405.648578258103	447.104474563991
 1407.2298617868707	447.4131876436229
 1408.808418989895	447.720387799238
 1410.384259577045	448.02607861416254
 1411.957393206007	448.33026365243484
 1413.5278294826524	448.6329464589422
 1415.095577961401	448.9341305595568
 1416.660648145584	449.23381946127085
 1418.2230494878013	449.5320166523298
 1419.7827913902763	449.82872560236484
 1421.3398832052083	450.12394976252443
 1422.894334235121	450.4176925656041
 1424.4461537332088	450.7099574261756
 1425.9953509036784	451.0007477407148
 1427.54193490209	451.2900668877284
 1429.0859148356926	451.5779182278797
 1430.6272997637593	451.86430510411304
 1432.1660986979175	452.14923084177747
 1433.702320602477	452.43269874874915
 1435.2359743947554	452.7147121155528
 1436.7670689454012	452.9952742154821
 1438.2956130787124	453.2743883047188
 1439.8216155729542	453.55205762245146
 1441.345085160673	453.8282853909924
 1442.8660305290082	454.1030748158942
 1444.3844603200007	454.3764290860651
 1445.9003831308996	454.6483513738831
 1447.4138075144658	454.9188448353096
 1448.9247419792723	455.1879126100018
 1450.4331949900038	455.45555782142407
 1451.939174967752	455.7217835769586
 1453.4426902903094	455.9865929680151
 1454.9437492924603	456.24998907013924
 1456.4423602662687	456.5119749431208
 1457.9385314613655	456.77255363110027
 1459.4322710852314	457.03172816267505
 1460.9235873034784	457.28950155100443
 1462.412488240129	457.54587679391403
 1463.8989819778928	457.800856873999
 1465.3830765584407	458.0544447587266
 1466.8647799826767	458.30664340053806
 1468.3441002110085	458.5574557369491
 1469.8210451636141	458.80688469065035
 1471.295622720708	459.05493316960616
 1472.7678407228034	459.3016040671532
 1474.237706970974	459.54690026209806
 1475.7052292271123	459.79082461881393
 1477.1704152141865	460.0333799873366
 1478.633272616495	460.2745692034598
 1480.093809079919	460.51439508882936
 1481.5520322121727	460.75286045103724
 1483.0079495830514	460.98996808371413
 1484.4615687246787	461.2257207666218
 1485.9128971317502	461.4601212657445
 1487.3619422617755	461.6931723333794
 1488.8087115353194	461.9248767082269
 1490.2532123362396	462.1552371154797
 1491.6954520119239	462.3842562669111
 1493.1354378735236	462.61193686096317
 1494.5731771961878	462.83828158283364
 1496.0086772192924	463.0632931045623
 1497.4419451466706	463.28697408511687
 1498.872988146839	463.5093271704778
 1500.301813353223	463.73035499372276
 1501.7284278643813	463.9500601751105
 1503.1528387442258	464.16844532216356
 1504.575053022243	464.3855130297509
 1505.9950776937117	464.6012658801694
 1507.4129197199188	464.8157064432253
 1508.8285860283752	465.02883727631416
 1510.2420835130279	465.2406609245012
 1511.6534190344714	465.45117992060005
 1513.0625994201578	465.6603967852516
 1514.4696314646042	465.86831402700176
 1515.8745219295997	466.0749341423791
 1517.2772775444096	466.2802596159713
 1518.6779050059783	466.48429292050145
 1520.076410979132	466.6870365169036
 1521.4728020967773	466.8884928543978
 1522.8670849601	467.08866437056435
 1524.2592661387628	467.2875534914177
 1525.6493521710988	467.48516263147997
 1527.037349564307	467.6814941938531
 1528.4232647946437	467.8765505702915
 1529.8071043076136	468.07033414127335
 1531.1888745181589	468.2628472760718
 1532.5685818108468	468.4540923328254
 1533.946232540057	468.644071658608
 1535.3218330301654	468.83278758949837
 1536.695389575728	469.0202424506488
 1538.0669084416638	469.2064385563539
 1539.4363958634342	469.3913782101179
 1540.8038580472232	469.5750637047227
 1542.1693011701152	469.75749732229406
 1543.5327313802716	469.9386813343683
 1544.8941547971058	470.11861800195817
 1546.2535775114573	470.2973095756179
 1547.6110055857644	470.4747582955083
 1548.9664450542352	470.65096639146117
 1550.319901923018	470.825936083043
 1551.6713821703697	470.99966957961857
 1553.0208917468228	471.1721690804137
 1554.3684365753527	471.3434367745779
 1555.7140225515411	471.51347484124636
 1557.0576555437412	471.6822854496013
 1558.399341393239	471.8498707589334
 1559.739085914415	472.01623291870214
 1561.0768948949042	472.18137406859626
 1562.4127740957547	472.3452963385933
 1563.7467292515855	472.5080018490191
 1565.0787660707429	472.66949271060645
 1566.4088902354556	472.82977102455385
 1567.7371074019895	472.9888388825833
 1569.0634232008	473.14669836699795
 1570.3878432366832	473.30335155073936
 1571.710373088929	473.4588004974442
 1573.031018311468	473.61304726150064
 1574.3497844330216	473.76609388810425
 1575.6666769572491	473.91794241331354
 1576.981701362894	474.0685948641052
 1578.2948631039287	474.21805325842877
 1579.6061676096997	474.36631960526097
 1580.91562028507	474.51339590465966
 1582.2232265105613	474.6592841478175
 1583.5289916424954	474.803986317115
 1584.832921013134	474.9475043861734
 1586.1350199308174	475.0898403199072
 1587.4352936801029	475.23099607457596
 1588.7337475219017	475.3709735978362
 1590.0303866936151	475.50977482879273
 1591.325216409269	475.6474016980494
 1592.618241859648	475.7838561277599
 1593.909468212429	475.91914003167795
 1595.1989006123129	476.053255315207
 1596.486544181156	476.1862038754501
 1597.7724040181	476.31798760125866
 1599.0564851997008	476.4486083732818
 1600.3387927800584	476.57806806401425
 1601.6193317909429	476.706368537845
 1602.898107241921	476.83351165110486
 1604.175124120483	476.959499252114
 1605.4503873921658	477.08433318122906
 1606.7239020006782	477.20801527089014
 1607.9956728680231	477.33054734566707
 1609.2657048946196	477.4519312223057
 1610.5340029594245	477.57216870977373
 1611.8005719200523	477.6912616093063
 1613.0654166128954	477.8092117144512
 1614.328541853242	477.9260208111137
 1615.5899524353947	478.0416906776012
 1616.8496531327867	478.1562230846676
 1618.1076486980983	478.2696197955572
 1619.3639438633727	478.3818825660485
 1620.6185433401304	478.49301314449735
 1621.8714518194824	478.60301327188034
 1623.122673972244	478.7118846818375
 1624.3722144490462	478.8196291007147
 1625.6200778804478	478.92624824760594
 1626.8662688770457	479.03174383439546
 1628.110792029585	479.1361175657991
 1629.3536519090671	479.23937113940593
 1630.59485306686	479.34150624571913
 1631.834400034804	479.4425245681969
 1633.0722973253196	479.54242778329314
 1634.3085494315133	479.6412175604974
 1635.543160827283	479.7388955623752
 1636.7761359674225	479.83546344460757
 1638.0074792877265	479.9309228560306
 1639.237195205092	480.0252754386745
 1640.465288117622	480.1185228278028
 1641.6917624047283	480.21066665195076
 1642.9166224272299	480.30170853296397
 1644.139872527456	480.39165008603646
 1645.3615170293444	480.48049291974866
 1646.5815602385414	480.5682386361049
 1647.8000064424998	480.65488883057117
 1649.0168599105762	480.7404450921119
 1650.2321248941287	480.8249090032271
 1651.4458056266135	480.90828213998907
 1652.6579063236802	480.9905660720787
 1653.8684311832671	481.07176236282186
 1655.0773843856957	481.15187256922513
 1656.2847700937643	481.2308982420118
 1657.4905924528418	481.30884092565714
 1658.6948555909598	481.3857021584238
 1659.897563618905	481.4614834723968
 1661.0987206303103	481.5361863935185
 1662.298330701745	481.6098124416228
 1663.4963978928065	481.68236313047
 1664.6929262462083	481.7538399677805
 1665.88791978787	481.824244455269
 1667.081382527005	481.8935780886782
 1668.2733184562082	481.9618423578121
 1669.4637315515442	482.02903874656937
 1670.652625772633	482.09516873297645
 1671.840005062736	482.1602337892204
 1673.0258733488427	482.2242353816815
 1674.2102345417536	482.2871749709657
 1675.3930925361667	482.3490540119367
 1676.57445121076	482.4098739537482
 1677.7543144282747	482.4696362398757
 1678.932686035599	482.5283423081478
 1680.1095698638494	482.585993590778
 1681.284969728452	482.6425915143958
 1682.458889429225	482.69813750007756
 1683.6313327504581	482.7526329633775
 1684.8023034609928	482.8060793143582
 1685.9718053143022	482.8584779576212
 1687.13984204857	482.90983029233706
 1688.3064173867685	482.9601377122756
 1689.4715350367376	483.0094016058356
 1690.6351986912612	483.0576233560746
 1691.797412028145	483.10480434073844
 1692.9581787102923	483.1509459322903
 1694.117502385781	483.19604949794024
 1695.2753866879386	483.2401163996738
 1696.4318352354167	483.283147994281
 1697.5868516322664	483.3251456333848
 1698.740439468012	483.36611066346956
 1699.8926023177248	483.40604442590933
 1701.0433437420959	483.4449482569959
 1702.1926672875093	483.4828234879666
 1703.3405764861138	483.5196714450322
 1704.4870748558953	483.55549344940437
 1705.6321659007472	483.590290817323
 1706.7758531105417	483.6240648600836
 1707.9181399612003	483.6568168840641
 1709.059029914764	483.68854819075204
 1710.1985264194627	483.7192600767711
 1711.3366329097832	483.74895383390765
 1712.4733528065397	483.7776307491373
 1713.6086895169403	483.805292104651
 1714.742646434656	483.83193917788134
 1715.8752269398876	483.8575732415281
 1717.0064343994325	483.8821955635844
 1718.1362721667515	483.90580740736215
 1719.2647435820345	483.9284100315175
 1720.3918519722667	483.9500046900762
 1721.5176006512938	483.9705926324587
 1722.6419929198864	483.99017510350535
 1723.765032065805	484.0087533435009
 1724.8867213638634	484.0263285881997
 1726.0070640759939	484.0429020688497
 1727.1260634513087	484.0584750122173
 1728.243722726164	484.07304864061155
 1729.3600451242219	484.0866241719081
 1730.475033856513	484.0992028195734
 1731.5886921214978	484.1107857926884
 1732.7010231051286	484.12137429597226
 1733.8120299809093	484.1309695298061
 1734.9217159099576	484.1395726902562
 1736.030084041064	484.1471849690974
 1737.1371375107517	484.15380755383626
 1738.2428794433374	484.159441627734
 1739.3473129509891	484.1640883698295
 1740.4504411337853	484.16774895496206
 1741.5522670797734	484.1704245537938
 1742.6527938650281	484.1721163328324
 1743.752024553709	484.17282545445335
 1744.849962198117	484.1725530769221
 1745.9466098387534	484.17130035441636
 1747.0419705043744	484.1690684370479
 1748.1360472120487	484.1658584708844
 1749.2288429672133	484.16167159797135
 1750.320360763729	484.1565089563533
 1751.4106035839357	484.15037168009576
 1752.4995743987076	484.14326089930614
 1753.5872761675078	484.1351777401552
 1754.6737118384424	484.1261233248982
 1755.758884348315	484.1160987718957
 1756.84279662268	484.10510519563445
 1757.925451575896	484.0931437067484
 1759.006852111179	484.0802154120389
 1760.087001120655	484.0663214144956
 1761.165901485413	484.05146281331645
 1762.2435560755564	484.0356407039284
 1763.3199677502546	484.01885617800724
 1764.3951393577954	484.0011103234978
 1765.469073735636	483.9824042246339
 1766.541773710453	483.96273896195805
 1767.6132420981946	483.94211561234124
 1768.6834817041292	483.9205352490025
 1769.7524953228965	483.8979989415285
 1770.8202857385568	483.87450775589275
 1771.8868557246406	483.8500627544751
 1772.9522080441975	483.82466499608074
 1774.0163454498454	483.7983155359592
 1775.079270683819	483.7710154258236
 1776.1409864780176	483.74276571386906
 1777.2014955540535	483.71356744479186
 1778.2608006233	483.6834216598079
 1779.3189043869381	483.6523293966711
 1780.3758095360047	483.62029168969224
 1781.431518751438	483.5873095697567
 1782.4860347041258	483.5533840643432
 1783.5393600549505	483.51851619754177
 1784.5914974548364	483.4827069900717
 1785.642449544794	483.4459574592995
 1786.6922189559673	483.40826861925683
 1787.7408083096777	483.3696414806582
 1788.7882202174699	483.3300770509184
 1789.834457281156	483.2895763341705
 1790.8795220928605	483.24814033128274
 1791.923417235065	483.2057700398764
 1792.966145280651	483.16246645434273
 1794.0077087929446	483.11823056586013
 1795.0481103257598	483.0730633624114
 1796.0873524234414	483.02696582880066
 1797.125437620909	482.9799389466701
 1798.1623684436986	482.9319836945169
 1799.198147408006	482.8831010477099
 1800.2327770207287	482.83329197850634
 1801.2662597795081	482.78255745606816
 1802.2985981727713	482.7308984464786
 1803.3297946797725	482.6783159127585
 1804.3598517706346	482.6248108148825
 1805.3887719063903	482.57038410979544
 1806.416557539023	482.5150367514282
 1807.4432111115073	482.45876969071384
 1808.4687350578497	482.4015838756034
 1809.4931318031283	482.3434802510819
 1810.5164037635338	482.284459759184
 1811.538553346408	482.2245233390096
 1812.5595829502843	482.16367192673954
 1813.5794949649264	482.1019064556511
 1814.5982917713682	482.0392278561333
 1815.6159757419516	481.97563705570246
 1816.6325492403662	481.91113497901716
 1817.6480146216868	481.8457225478936
 1818.6623742324127	481.7794006813208
 1819.6756304105052	481.7121702954753
 1820.687785485425	481.6440323037364
 1821.6988417781704	481.574987616701
 1822.708801601315	481.5050371421981
 1823.7176672590438	481.4341817853038
 1824.7254410471912	481.3624224483559
 1825.732125253278	481.2897600309683
 1826.7377221565464	481.2161954300456
 1827.7422340279984	481.1417295397975
 1828.745663130431	481.06636325175305
 1829.7480117184718	480.990097454775
 1830.7492820386158	480.912933035074
 1831.7494763292602	480.8348708762225
 1832.7485968207407	480.7559118591691
 1833.7466457353655	480.67605686225215
 1834.7436252874516	480.59530676121403
 1835.7395376833588	480.5136624292147
 1836.7343851215248	480.43112473684556
 1837.7281697924996	480.347694552143
 1838.7208938789795	480.2633727406022
 1839.7125595558416	480.1781601651906
 1840.7031689901778	480.0920576863612
 1841.692724341328	480.00506616206627
 1842.681227760914	479.91718644777046
 1843.6686813928734	479.8284193964641
 1844.6550873734916	479.7387658586764
 1845.640447831436	479.6482266824887
 1846.624764887788	479.5568027135474
 1847.6080406560764	479.464494795077
 1848.5902772423096	479.3713037678929
 1849.5714767450079	479.2772304704147
 1850.5516412552352	479.1822757386783
 1851.530772856632	479.08644040634937
 1852.5088736254468	478.9897253047355
 1853.4859456305671	478.89213126279907
 1854.461990933552	478.7936591071698
 1855.4370115886627	478.694309662157
 1856.4110096428942	478.5940837497623
 1857.3839871360058	478.49298218969176
 1858.355946100552	478.3910057993683
 1859.326888561914	478.28815539394395
 1860.2968165383293	478.1844317863119
 1861.265732040922	478.0798357871187
 1862.2336370737341	477.97436820477645
 1863.200533633754	477.8680298454745
 1864.1664237109478	477.76082151319156
 1865.1313092882879	477.65274400970753
 1866.0951923417833	477.5437981346155
 1867.058074840509	477.4339846853331
 1868.019958746635	477.32330445711466
 1868.9808460154554	477.21175824306255
 1869.9407385954175	477.0993468341388
 1870.8996384281506	476.9860710191768
 1871.8575474484949	476.87193158489254
 1872.8144675845297	476.7569293158962
 1873.7704007576017	476.6410649947034
 1874.7253488823537	476.52433940174666
 1875.6793138667524	476.40675331538637
 1876.6322976121162	476.28830751192226
 1877.5843020131435	476.1690027656044
 1878.5353289579398	476.0488398486442
 1879.4853803280457	475.9278195312258
 1880.4344579984638	475.80594258151655
 1881.3825638376863	475.68320976567827
 1882.3296997077223	475.559621847878
 1883.275867464124	475.4351795902989
 1884.2210689560147	475.30988375315087
 1885.1653060261144	475.18373509468137
 1886.1085805107668	475.05673437118605
 1887.0508942399658	474.9288823370194
 1887.992249037382	474.80017974460515
 1888.932646720388	474.670627344447
 1889.8720891000858	474.5402258851389
 1890.8105779813313	474.40897611337556
 1891.7481151627612	474.2768787739627
 1892.684702436818	474.14393460982757
 1893.620341589776	474.0101443620288
 1894.5550344017656	473.87550876976707
 1895.4887826468005	473.74002857039494
 1896.4215880928007	473.60370449942707
 1897.3534525016191	473.4665372905503
 1898.2843776290658	473.32852767563367
 1899.2143652249326	473.1896763847382
 1900.1434170330183	473.04998414612714
 1901.0715347911528	472.90945168627553
 1901.9987202312216	472.7680797298802
 1902.9249750791898	472.6258689998694
 1903.8503010551271	472.4828202174127
 1904.774699873231	472.3389341019306
 1905.6981732418508	472.194211371104
 1906.6207228635121	472.04865274088405
 1907.5423504349399	471.90225892550154
 1908.4630576470822	471.75503063747647
 1909.3828461851338	471.60696858762736
 1910.3017177285594	471.4580734850809
 1911.2196739511169	471.30834603728107
 1912.1367165208803	471.15778694999864
 1913.0528471002635	471.00639692734035
 1913.9680673460423	470.85417667175807
 1914.8823789093776	470.7011268840582
 1915.7957834358383	470.5472482634107
 1916.7082825654231	470.3925415073581
 1917.6198779325841	470.2370073118246
 1918.5305711662481	470.0806463711252
 1919.4403638898395	469.9234593779747
 1920.3492577213021	469.76544702349634
 1921.2572542731216	469.6066099972309
 1922.164355152347	469.44694898714573
 1923.070561960613	469.2864646796431
 1923.975876294161	469.1251577595693
 1924.880299743861	468.9630289102233
 1925.783833895234	468.80007881336536
 1926.6864803284718	468.63630814922584
 1927.5882406184596	468.47171759651354
 1928.4891163347968	468.3063078324244
 1929.3891090418178	468.14007953265013
 1930.2882202986139	467.97303337138646
 1931.186451659053	467.8051700213418
 1932.0838046718018	467.63649015374546
 1932.9802808803452	467.46699443835615
 1933.8758818230076	467.29668354347024
 1934.7706090329734	467.12555813593
 1935.6644640383076	466.953618881132
 1936.5574483619757	466.7808664430351
 1937.449563521864	466.60730148416883
 1938.3408110308003	466.43292466564134
 1939.231192396573	466.2577366471476
 1940.1207091219524	466.08173808697757
 1941.009362704709	465.9049296420239
 1941.8971546376347	465.7273119677901
 1942.7840864085613	465.54888571839865
 1943.6701595003808	465.36965154659856
 1944.555375391065	465.18961010377353
 1945.4397355536842	465.0087620399496
 1946.3232414564275	464.82710800380306
 1947.2058945626213	464.64464864266813
 1948.0876963307485	464.46138460254474
 1948.9686482144677	464.2773165281062
 1949.8487516626324	464.09244506270693
 1950.7280081193096	463.9067708483899
 1951.6064190237987	463.7202945258944
 1952.48398581065	463.5330167346635
 1953.3607099096837	463.3449381128515
 1954.2365927460082	463.1560592973315
 1955.1116357400388	462.96638092370296
 1955.9858403075152	462.7759036262988
 1956.8592078595213	462.5846280381931
 1957.7317398025025	462.39255479120817
 1958.6034375382833	462.19968451592206
 1959.4743024640863	462.00601784167577
 1960.34433597255	461.8115553965804
 1961.2135394517463	461.6162978075244
 1962.0819142851985	461.42024570018094
 1962.9494618518993	461.2233996990148
 1963.8161835263277	461.0257604272895
 1964.6820806784674	460.8273285070746
 1965.5471546738238	460.6281045592524
 1966.4114068734416	460.4280892035252
 1967.274838633922	460.2272830584223
 1968.13745130744	460.02568674130674
 1968.9992462417615	459.8233008683824
 1969.8602247802608	459.62012605470073
 1970.7203882619367	459.41616291416784
 1971.5797380214308	459.211412059551
 1972.4382753890432	459.0058741024856
 1973.2960016907498	458.799549653482
 1974.152918248219	458.5924393219321
 1975.0090263788284	458.38454371611596
 1975.864327395681	458.17586344320875
 1976.718822607622	457.9663991092872
 1977.572513319256	457.7561513193361
 1978.4254008309615	457.54512067725506
 1979.277486438909	457.33330778586503
 1980.128771435076	457.12071324691465
 1980.9792571072642	456.90733766108696
 1981.8289447391144	456.6931816280056
 1982.6778356101236	456.4782457462415
 1983.5259309956602	456.26253061331903
 1984.3732321669806	456.04603682572247
 1985.219740391244	455.8287649789024
 1986.0654569315286	455.61071566728197
 1986.910383046848	455.391889484263
 1987.7545199921653	455.1722870222325
 1988.5978690184102	454.9519088725688
 1989.440431372493	454.73075562564753
 1990.2822082973214	454.50882787084805
 1991.1232010318147	454.2861261965595
 1991.9634108109196	454.06265119018684
 1992.8028388656253	453.838403438157
 1993.6414864229787	453.61338352592486
 1994.4793547060992	453.3875920379793
 1995.3164449341944	453.1610295578492
 1996.1527583225738	452.9336966681094
 1996.9882960826653	452.7055939503866
 1997.8230594220283	452.47672198536543
 1998.6570495443698	452.247081352794
 1999.4902676495583	452.01667263149005
 2000.322714933639	451.78549639934675
 2001.1543925888477	451.55355323333833
 2001.9853018036263	451.32084370952595
 2002.8154437626356	451.0873684030635
 2003.6448196467716	450.8531278882033
 2004.4734306331786	450.6181227383016
 2005.3012778952636	450.3823535258246
 2006.128362602711	450.14582082235376
 2006.9546859214959	449.90852519859163
 2007.7802490138993	449.6704672243673
 2008.605053038521	449.43164746864204
 2009.4290991502946	449.19206649951485
 2010.2523885005005	448.9517248842279
 2011.0749222367801	448.71062318917194
 2011.8967015031499	448.4687619798921
 2012.7177274400146	448.22614182109294
 2013.5380011841817	447.982763276644
 2014.357523868874	447.73862690958526
 2015.176296623744	447.4937332821324
 2015.994320574887	447.24808295568215
 2016.8115968448549	447.0016764908176
 2017.6281265526688	446.7545144473135
 2018.4439108138336	446.50659738414157
 2019.2589507403502	446.2579258594756
 2020.0732474407293	446.00850043069676
 2020.8868020200046	445.75832165439874
 2021.6996155797451	445.50739008639295
 2022.5116892180695	445.2557062817136
 2023.3230240296582	445.0032707946229
 2024.1336211057665	444.750084178616
 2024.9434815342377	444.49614698642625
 2025.7526063995158	444.2414597700301
 2026.5609967826585	443.9860230806521
 2027.3686537613498	443.72983746877003
 2028.1755784099128	443.4729034841197
 2028.9817717993217	443.2152216757
 2029.7872349972156	442.95679259177786
 2030.5919690679102	442.697616779893
 2031.3959750724107	442.437694786863
 2032.1992540684237	442.17702715878795
 2033.00180711037	441.9156144410554
 2033.8036352493973	441.6534571783452
 2034.6047395333917	441.3905559146341
 2035.4051210069906	441.1269111932007
 2036.2047807115946	440.86252355663026
 2037.0037196853796	440.5973935468191
 2037.801938963309	440.3315217049795
 2038.5994395771463	440.06490857164437
 2039.3962225554658	439.7975546866719
 2040.1922889236655	439.52946058925016
 2040.9876397039793	439.26062681790165
 2041.7822759154878	438.99105391048795
 2042.5761985741315	438.72074240421426
 2043.369408692721	438.4496928356339
 2044.16190728095	438.177905740653
 2044.953695345406	437.90538165453466
 2045.744773889583	437.6321211119038
 2046.5351439138924	437.3581246467514
 2047.3248064156744	437.0833927924388
 2048.11376238921	436.80792608170253
 2048.9020128257316	436.5317250466582
 2049.689558713436	436.2547902188052
 2050.476401037494	435.97712212903105
 2051.2625407800624	435.69872130761536
 2052.0479789202964	435.41958828423464
 2052.832716434358	435.1397235879662
 2053.6167542954313	434.8591277472926
 2054.4000934737287	434.57780129010575
 2055.182734936506	434.2957447437113
 2055.964679648073	434.01295863483267
 2056.745928569801	433.72944348961533
 2057.5264826601388	433.44519983363097
 2058.3063428746195	433.1602281918816
 2059.085510165874	432.8745290888035
 2059.86398548364	432.5881030482717
 2060.6417697747747	432.30095059360366
 2061.4188639832637	432.01307224756357
 2062.1952690502326	431.7244685323663
 2062.9709859139584	431.4351399696815
 2063.7460155098784	431.1450870806373
 2064.520358770602	430.8543103858249
 2065.2940166259214	430.56281040530166
 2066.066990002821	430.27058765859584
 2066.8392798254895	429.97764266471006
 2067.6108870153284	429.6839759421253
 2068.3818124909644	429.3895880088049
 2069.1520571682577	429.0944793821982
 2069.921621960314	428.79865057924457
 2070.6905077774945	428.5021021163771
 2071.458715527425	428.20483450952645
 2072.2262461150067	427.9068482741247
 2072.9931004424275	427.60814392510895
 2073.75927940917	427.3087219769252
 2074.524783912024	427.008582943532
 2075.2896148450936	426.70772733840425
 2076.0537730998108	426.4061556745367
 2076.817259564942	426.10386846444777
 2077.5800751266	425.80086622018325
 2078.3422206682535	425.4971494533197
 2079.1036970707364	425.1927186749683
 2079.8645052122583	424.88757439577836
 2080.624645968414	424.5817171259407
 2081.384120212193	424.2751473751916
 2082.14292881399	423.96786565281593
 2082.9010726416127	423.659872467651
 2083.6585525602945	423.3511683280898
 2084.415369432701	423.04175374208467
 2085.1715241189413	422.73162921715067
 2085.9270174765775	422.420795260369
 2086.6818503606332	422.1092523783905
 2087.4360236236043	421.7970010774391
 2088.189538115467	421.48404186331504
 2088.942394683688	421.1703752413984
 2089.694594173234	420.85600171665243
 2090.4461374265807	420.5409217936268
 2091.1970252837223	420.22513597646105
 2091.94725858218	419.90864476888777
 2092.696838157012	419.59144867423595
 2093.4457648408224	419.2735481954343
 2094.1940394637713	418.9549438350143
 2094.941662853582	418.63563609511385
 2095.688635835551	418.31562547747995
 2096.4349592325575	417.9949124834723
 2097.1806338650727	417.6734976140663
 2097.925660551167	417.35138136985626
 2098.6700401065204	417.0285642510585
 2099.4137733444313	416.7050467575147
 2100.1568610758254	416.3808293886947
 2100.899304109264	416.0559126436997
 2101.6411032509527	415.7302970212655
 2102.382259304751	415.40398301976546
 2103.122773072181	415.0769711372134
 2103.8626453524357	414.7492618712668
 2104.601876942387	414.4208557192299
 2105.340468636596	414.0917531780565
 2106.0784212273197	413.76195474435286
 2106.815735504522	413.4314609143811
 2107.5524122558795	413.1002721840616
 2108.2884522667923	412.7683890489764
 2109.023856320391	412.4358120043718
 2109.7586251975467	412.1025415451614
 2110.492759676878	411.7685781659289
 2111.2262605347596	411.4339223609311
 2111.959128545331	411.09857462410065
 2112.6913644805054	410.7625354490489
 2113.422969109977	410.42580532906874
 2114.1539432012305	410.0883847571373
 2114.8842875195473	409.75027422591893
 2115.614002828016	409.41147422776777
 2116.343089887539	409.0719852547307
 2117.071549456842	408.7318077985498
 2117.799382292481	408.3909423506655
 2118.5265891488507	408.0493894022188
 2119.253170778193	407.7071494440544
 2119.979127930605	407.364222966723
 2120.7044613540456	407.02061046048425
 2121.429171794346	406.67631241530927
 2122.1532599952156	406.33132932088324
 2122.8767266982513	405.98566166660817
 2123.599572642944	405.6393099416053
 2124.321798566688	405.29227463471784
 2125.043405204787	404.94455623451347
 2125.764393290465	404.5961552292869
 2126.4847635548695	404.2470721070625
 2127.204516727084	403.8973073555965
 2127.923653534133	403.5468614623801
 2128.64217470099	403.1957349146413
 2129.3600809505856	402.8439281993479
 2130.0773730038154	402.49144180320957
 2130.794051579547	402.13827621268064
 2131.5101173946287	401.78443191396224
 2132.225571163895	401.429909393005
 2132.9404136001763	401.0747091355112
 2133.6546454143054	400.71883162693734
 2134.368267315125	400.3622773524964
 2135.0812800094955	400.0050467971602
 2135.7936842023023	399.647140445662
 2136.505480596463	399.2885587824984
 2137.2166698929345	398.92930229193206
 2137.927252790722	398.5693714579938
 2138.6372299868844	398.20876676448484
 2139.3466021765425	397.8474886949793
 2140.0553700528867	397.48553773282623
 2140.7635343071825	397.12291436115197
 2141.47109562878	396.7596190628624
 2142.17805470512	396.395652320645
 2142.8844122217406	396.03101461697145
 2143.5901688622857	395.66570643409926
 2144.295325308511	395.2997282540744
 2144.999882240292	394.9330805587333
 2145.703840335631	394.56576382970496
 2146.407200270662	394.19777854841317
 2147.109962719662	393.8291251960785
 2147.812128355053	393.4598042537207
 2148.513697847414	393.08981620216036
 2149.2146718654835	392.7191615220214
 2149.91505107617	392.3478406937329
 2150.614836144556	391.9758541975312
 2151.3140277339076	391.603202513462
 2152.0126265056783	391.2298861213824
 2152.710633119519	390.8559055009627
 2153.408048233283	390.48126113168877
 2154.1048725030323	390.1059534928637
 2154.8011065830465	389.72998306360995
 2155.4967511258274	389.3533503228712
 2156.191806782107	388.9760557494145
 2156.886274200853	388.59809982183197
 2157.5801540292778	388.2194830185428
 2158.273446912842	387.84020581779527
 2158.966153495263	387.4602686976684
 2159.6582744185216	387.07967213607424
 2160.3498103228685	386.69841661075924
 2161.04076184683	386.3165025993065
 2161.7311296272146	385.9339305791374
 2162.4209142991217	385.55070102751347
 2163.110116495945	385.16681442153833
 2163.7987368493805	384.78227123815935
 2164.4867759894337	384.3970719541695
 2165.174234544424	384.01121704620914
 2165.8611131409934	383.6247069907677
 2166.547412404111	383.23754226418566
 2167.23313295708	382.849723342656
 2167.918275421545	382.46125070222604
 2168.602840417496	382.07212481879935
 2169.286828563277	381.6823461681372
 2169.9702404755926	381.29191522586035
 2170.653076769511	380.90083246745075
 2171.3353380584726	380.50909836825315
 2172.017024954297	380.1167134034768
 2172.6981380671873	379.72367804819714
 2173.378678005737	379.3299927773573
 2174.0586453769365	378.9356580657698
 2174.7380407861788	378.54067438811825
 2175.416864837265	378.14504221895874
 2176.0951181324126	377.7487620327216
 2176.7728012722587	377.3518343037128
 2177.4499148558675	376.9542595061158
 2178.1264594807362	376.5560381139928
 2178.8024357428017	376.1571706012864
 2179.477844236445	375.7576574418211
 2180.1526855544985	375.3574991093048
 2180.8269602882506	374.95669607733043
 2181.5006690274536	374.55524881937725
 2182.1738123603277	374.1531578088124
 2182.8463908735675	373.7504235188925
 2183.5184051523484	373.34704642276483
 2184.1898557803315	372.943026993469
 2184.8607433396705	372.5383657039384
 2185.5310684110163	372.1330630270013
 2186.2008315735234	371.7271194353827
 2186.870033404856	371.3205354017054
 2187.5386744811926	370.91331139849154
 2188.2067553772335	370.50544789816394
 2188.8742766662044	370.0969453730474
 2189.5412389198636	369.6878042953702
 2190.207642708507	369.2780251372653
 2190.8734886009743	368.8676083707716
 2191.5387771646533	368.4565544678357
 2192.203508965487	368.0448639003126
 2192.8676845679784	367.63253713996727
 2193.5313045351963	367.2195746584762
 2194.194369428781	366.80597692742816
 2194.8568798089495	366.3917444183259
 2195.5188362345007	365.9768776025872
 2196.180239262821	365.56137695154604
 2196.841089449891	365.14524293645405
 2197.5013873502894	364.72847602848157
 2198.1611335171983	364.3110766987189
 2198.8203285024106	363.8930454181775
 2199.4789728563333	363.4743826577912
 2200.1370671279933	363.0550888884173
 2200.794611865044	362.6351645808379
 2201.451607613769	362.2146102057609
 2202.1080549190883	361.7934262338212
 2202.7639543245637	361.3716131355818
 2203.4193063724033	360.94917138153505
 2204.074111603468	360.5261014421036
 2204.7283705572745	360.1024037876416
 2205.3820837720036	359.67807888843583
 2206.035251784503	359.25312721470664
 2206.687875130294	358.8275492366092
 2207.339954343575	358.40134542423436
 2207.9914899572277	357.97451624761
 2208.642482502823	357.5470621767017
 2209.2929325106247	357.1189836814141
 2209.9428405095955	356.6902812315917
 2210.592207027401	356.26095529702013
 2211.2410325904157	355.8310063474268
 2211.8893177237287	355.40043485248225
 2212.5370629511467	354.9692412818008
 2213.184268795201	354.5374261049418
 2213.8309357771514	354.1049897914104
 2214.477064416991	353.67193281065863
 2215.122655233453	353.23825563208635
 2215.767708744012	352.8039587250421
 2216.412225464893	352.36904255882405
 2217.0562059110734	351.9335076026809
 2217.69965059629	351.49735432581286
 2218.3425600330424	351.06058319737247
 2218.9849347325976	350.6231946864655
 2219.626775204996	350.18518926215194
 2220.2680819590564	349.74656739344664
 2220.908855502379	349.30732954932034
 2221.549096341352	348.8674761987005
 2222.188804981156	348.42700781047205
 2222.8279819257673	347.98592485347837
 2223.4666276779653	347.54422779652197
 2224.1047427393346	347.10191710836534
 2224.7423276102713	346.6589932577318
 2225.379382789987	346.2154567133063
 2226.0159087765146	345.7713079437361
 2226.6519060667106	345.32654741763156
 2227.287375156262	344.8811756035671
 2227.92231653969	344.43519297008174
 2228.556730710355	343.98859998567985
 2229.190618160461	343.5413971188321
 2229.823979381059	343.09358483797587
 2230.456814862054	342.6451636115163
 2231.0891250922077	342.1961339078268
 2231.7209105591437	341.74649619524973
 2232.3521717493513	341.2962509420973
 2232.982909148191	340.845398616652
 2233.613123239899	340.39393968716746
 2234.24281450759	339.94187462186903
 2234.871983433264	339.48920388895453
 2235.5006304978097	339.0359279565947
 2236.1287561810072	338.58204729293413
 2236.756360961536	338.1275623660916
 2237.3834453169757	337.6724736441609
 2238.0100097238137	337.21678159521144
 2238.636054657447	336.76048668728873
 2239.2615805921873	336.30358938841516
 2239.8865880012663	335.8460901665904
 2240.511077356839	335.38798948979206
 2241.1350491299877	334.92928782597636
 2241.758503790727	334.46998564307853
 2242.3814418080087	334.01008340901353
 2243.0038636497243	333.54958159167643
 2243.6257697827104	333.0884806589431
 2244.247160672753	332.6267810786707
 2244.8680367845914	332.16448331869816
 2245.488398581922	331.7015878468467
 2246.108246527403	331.2380951309203
 2246.727581082659	330.7740056387065
 2247.346402708284	330.30931983797643
 2247.964711863847	329.8440381964856
 2248.582509007894	329.37816118197435
 2249.199794597954	328.9116892621682
 2249.8165690905435	328.4446229047784
 2250.4328329411674	327.9769625775023
 2251.048586604327	327.50870874802405
 2251.6638305335214	327.03986188401467
 2252.278565181253	326.57042245313266
 2252.8927909990302	326.1003909230245
 2253.5065084373728	325.62976776132496
 2254.119717945815	325.1585534356575
 2254.73241997291	324.6867484136347
 2255.344614966233	324.2143531628587
 2255.9563033723866	323.74136815092146
 2256.5674856370038	323.2677938454053
 2257.1781622047515	322.79363071388315
 2257.7883335193355	322.3188792239189
 2258.3980000235038	321.8435398430678
 2259.0071621590505	321.36761303887687
 2259.61582036682	320.8910992788851
 2260.2239750867107	320.413999030624
 2260.831626757678	319.93631276161756
 2261.438775817739	319.458040939383
 2262.0454227039772	318.97918403143075
 2262.6515678525443	318.4997425052649
 2263.2572116986653	318.01971682838354
 2263.862354676642	317.5391074682788
 2264.4669972198562	317.0579148924375
 2265.0711397607747	316.57613956834115
 2265.674782730952	316.0937819634663
 2266.277926561034	315.6108425452849
 2266.880571680762	315.12732178126436
 2267.482718518977	314.6432201388679
 2268.084367503622	314.1585380855548
 2268.6855190617475	313.6732760887807
 2269.2861736195127	313.1874346159977
 2269.8863316021916	312.70101413465454
 2270.4859934341753	312.214015112197
 2271.085159538976	311.726438016068
 2271.6838303392296	311.2382833137078
 2272.282006256702	310.7495514725542
 2272.879687712289	310.26024296004266
 2273.476875126023	309.77035824360667
 2274.073568917074	309.2798977906777
 2274.669769503756	308.7888620686855
 2275.2654773035274	308.29725154505826
 2275.860692732997	307.8050666872227
 2276.4554162079266	307.31230796260417
 2277.0496481432338	306.818975838627
 2277.6433889529962	306.3250707827145
 2278.2366390504553	305.83059326228886
 2278.8293988480186	305.3355437447718
 2279.421668757265	304.83992269758426
 2280.0134491889457	304.3437305881466
 2280.6047405529903	303.8469678838788
 2281.195543258508	303.3496350522004
 2281.7858577137927	302.8517325605309
 2282.375684326324	302.3532608762893
 2282.965023502774	301.8542204668948
 2283.5538756490073	301.3546117997664
 2284.142241170087	300.8544353423233
 2284.730120470276	300.35369156198465
 2285.317513953041	299.8523809261698
 2285.9044220210567	299.35050390229844
 2286.4908450762077	298.8480609577903
 2287.076783519593	298.3450525600656
 2287.662237751528	297.8414791765447
 2288.2472081715496	297.3373412746484
 2288.831695178417	296.8326393217978
 2289.415699170116	296.3273737854144
 2289.9992205438643	295.82154513292016
 2290.582259696111	295.3151538317373
 2291.164817022543	294.8082003492884
 2291.7468929180855	294.3006851529966
 2292.328487776907	293.7926087102851
 2292.9096019924223	293.28397148857766
 2293.490235957295	292.77477395529826
 2294.070390063441	292.2650165778711
 2294.650064702032	291.75469982372067
 2295.229260263497	291.24382416027163
 2295.8079771375274	290.73239005494884
 2296.3862157130793	290.22039797517715
 2296.9639763783766	289.7078483883814
 2297.5412595209136	289.19474176198656
 2298.118065527459	288.6810785634174
 2298.6943947840573	288.16685926009836
 2299.2702476760346	287.6520843194538
 2299.845624587999	287.13675420890775
 2300.4205259038445	286.6208693958836
 2300.9949520067544	286.1044303478043
 2301.568903279204	285.5874375320922
 2302.142380102963	285.0698914161689
 2302.7153828591004	284.551792467455
 2303.287911927984	284.03314115337025
 2303.8599676892873	283.5139379413332
 2304.4315505219893	282.99418329876124
 2305.0026608043795	282.4738776930704
 2305.5732989140597	281.9530215916751
 2306.143465227947	281.4316154619883
 2306.7131601222777	280.909659771421
 2307.282383972608	280.3871549873823
 2307.8511371538193	279.86410157727926
 2308.4194200401193	279.3405000085166
 2308.9872330050466	278.8163507484966
 2309.554576421471	278.29165426461896
 2310.1214506615993	277.76641102428067
 2310.687856096975	277.2406214948757
 2311.253793098484	276.7142861437949
 2311.8192620363557	276.1874054384257
 2312.384263280166	275.6599798461521
 2312.948797198841	275.1320098343544
 2313.512864160658	274.6034958704088
 2314.0764645332497	274.0744384216875
 2314.639598683607	273.54483795555825
 2315.2022669780804	273.0146949393843
 2315.7644697823844	272.4840098405241
 2316.326207461599	271.95278312633104
 2316.8874803801727	271.42101526415325
 2317.4482889019255	270.8887067213334
 2318.0086333900513	270.3558579652084
 2318.56851420712	269.82246946310914
 2319.127931715082	269.28854168236046
 2319.686886275269	268.75407509028054
 2320.2453782483967	268.2190701541809
 2320.8034079945687	267.683527341366
 2321.360975873278	267.14744711913323
 2321.9180822434114	266.6108299547722
 2322.4747274632487	266.07367631556485
 2323.030911890468	265.53598666878503
 2323.586635882148	264.9977614816982
 2324.1418997947703	264.4590012215612
 2324.696703984221	263.91970635562194
 2325.251048805795	263.379877351119
 2325.804934614197	262.83951467528146
 2326.358361763545	262.29861879532865
 2326.911330607372	261.75719017846967
 2327.463841498629	261.2152292919032
 2328.0158947896875	260.6727366028171
 2328.5674908323426	260.12971257838825
 2329.118629977814	259.586157685782
 2329.66931257675	259.042072392152
 2330.219538979229	258.4974571646399
 2330.7693095347618	257.9523124703749
 2331.318624592295	257.4066387764735
 2331.867484500212	256.8604365500391
 2332.4158896063373	256.3137062581616
 2332.9638402579376	255.76644836791726
 2333.511336801725	255.2186633463682
 2334.058379583858	254.67035166056203
 2334.604968949945	254.12151377753153
 2335.1511052450473	253.57215016429427
 2335.6967888136796	253.0222612878523
 2336.242019999814	252.4718476151917
 2336.786799146882	251.92090961328228
 2337.331126597776	251.36944774907712
 2337.875002694852	250.8174624895123
 2338.418427779933	250.2649543015064
 2338.9614021943103	249.7119236519602
 2339.503926278745	249.15837100775627
 2340.0460003734725	248.6042968357585
 2340.5876248182026	248.04970160281184
 2341.1287999521232	247.49458577574177
 2341.669526113902	246.938949821354
 2342.2098036416887	246.38279420643397
 2342.749632873117	245.82611939774657
 2343.289014145308	245.26892586203553
 2343.8279477948713	244.71121406602322
 2344.3664341579074	244.15298447641004
 2344.90447357001	243.59423755987416
 2345.4420663662686	243.034973783071
 2345.97921288127	242.47519361263278
 2346.515913449102	241.91489751516815
 2347.052168403352	241.3540859572618
 2347.5879780771143	240.79275940547382
 2348.1233428029877	240.23091832633952
 2348.6582629130803	239.66856318636883
 2349.1927387390106	239.10569445204584
 2349.7267706119096	238.54231258982844
 2350.260358862424	237.97841806614778
 2350.7935038207165	237.41401134740792
 2351.32620581647	236.84909289998527
 2351.858465178888	236.28366319022814
 2352.390282236697	235.71772268445636
 2352.9216573181498	235.15127184896073
 2353.4525907510256	234.58431115000255
 2353.9830828626336	234.01684105381324
 2354.5131339798154	233.44886202659373
 2355.042744428945	232.8803745345141
 2355.5719145359317	232.311379043713
 2356.1006446262245	231.7418760202973
 2356.6289350248103	231.17186593034145
 2357.1567860562186	230.6013492398871
 2357.684198044522	230.03032641494258
 2358.2111713133395	229.45879792148236
 2358.7377061858374	228.88676422544663
 2359.263802984732	228.31422579274076
 2359.7894620322913	227.74118308923482
 2360.314683650336	227.16763658076303
 2360.839468160244	226.59358673312332
 2361.3638158829494	226.01903401207673
 2361.887727138946	225.44397888334703
 2362.41120224829	224.8684218126201
 2362.9342415305996	224.2923632655435
 2363.4568453050592	223.71580370772577
 2363.97901389042	223.1387436047362
 2364.5007476050023	222.56118342210402
 2365.0220467666973	221.9831236253181
 2365.5429116929695	221.40456467982625
 2366.063342700857	220.82550705103486
 2366.583340106976	220.2459512043082
 2367.1029042275195	219.665897604968
 2367.6220353782624	219.08534671829287
 2368.1407338745603	218.50429900951775
 2368.659000031354	217.92275494383344
 2369.1768341631696	217.34071498638596
 2369.6942365841205	216.75817960227607
 2370.2112076079097	216.17514925655874
 2370.7277475478318	215.59162441424252
 2371.243856716774	215.0076055402891
 2371.7595354272194	214.42309309961263
 2372.2747839912463	213.83808755707926
 2372.789602720532	213.25258937750658
 2373.303991926354	212.66659902566303
 2373.8179519195915	212.08011696626735
 2374.331483010728	211.49314366398798
 2374.8445855098516	210.90567958344258
 2375.3572597266584	210.3177251891974
 2375.869505970453	209.72928094576676
 2376.3813245501497	209.1403473176124
 2376.892715774277	208.550924769143
 2377.403679950976	207.96101376471353
 2377.9142173880036	207.37061476862473
 2378.4243283927353	206.77972824512256
 2378.934013272165	206.18835465839751
 2379.443272332907	205.5964944725841
 2379.952105881198	205.00414815176035
 2380.4605142228997	204.41131615994706
 2380.9684976634994	203.81799896110732
 2381.4760565081115	203.22419701914592
 2381.98319106148	202.6299107979087
 2382.4899016279783	202.03514076118208
 2382.9961885116136	201.4398873726923
 2383.502052016027	200.844151096105
 2384.007492444494	200.2479323950245
 2384.5125100999285	199.65123173299324
 2385.0171052848827	199.05404957349126
 2385.5212783015495	198.45638637993545
 2386.025029451763	197.8582426156791
 2386.528359037002	197.2596187440112
 2387.031267358389	196.66051522815584
 2387.5337547166946	196.06093253127173
 2388.035821412337	195.4608711164514
 2388.5374677453847	194.8603314467207
 2389.0386940155563	194.25931398503823
 2389.5395005222244	193.6578191942947
 2390.039887564416	193.0558475373122
 2390.539855440814	192.45339947684377
 2391.039404449758	191.8504754755727
 2391.5385348892473	191.24707599611187
 2392.037247056942	190.64320150100326
 2392.5355412501626	190.03885245271718
 2393.033417765895	189.43402931365176
 2393.5308769007893	188.8287325461323
 2394.0279189511616	188.22296261241064
 2394.5245442129963	187.61671997466456
 2395.0207529819468	187.01000509499713
 2395.516545553338	186.40281843543605
 2396.0119222221665	185.79516045793312
 2396.506883283103	185.18703162436358
 2397.001429030493	184.57843239652544
 2397.495559758359	183.96936323613886
 2397.9892757604007	183.35982460484553
 2398.4825773299985	182.7498169642081
 2398.9754647602126	182.13934077570943
 2399.4679383437856	181.52839650075208
 2399.959998373144	180.9169846006576
 2400.4516451403993	180.30510553666588
 2400.942878937349	179.69275976993455
 2401.4337000554797	179.0799477615384
 2401.9241087859655	178.4666699724686
 2402.414105419672	177.8529268636322
 2402.9036902471566	177.23871889585146
 2403.39286355867	176.6240465298631
 2403.881625644157	176.00891022631782
 2404.369976793259	175.39331044577952
 2404.857917295314	174.77724764872477
 2405.3454474393598	174.1607222955421
 2405.832567514133	173.54373484653135
 2406.319277808072	172.92628576190307
 2406.8055786093173	172.30837550177787
 2407.291470205714	171.69000452618573
 2407.776952884812	171.07117329506536
 2408.2620269338677	170.45188226826363
 2408.7466926398447	169.8321319055348
 2409.2309502894163	169.21192266653995
 2409.7148001689666	168.59125501084634
 2410.19824256459	167.9701293979267
 2410.681277762095	167.34854628715865
 2411.163906047003	166.72650613782397
 2411.646127704552	166.10400940910802
 2412.1279430196955	165.481056560099
 2412.6093522771057	164.85764804978746
 2413.090355761173	164.23378433706543
 2413.570953756009	163.6094658807259
 2414.0511465454465	162.9846931394622
 2414.530934413041	162.35946657186722
 2415.0103176420716	161.73378663643285
 2415.489296515543	161.1076537915493
 2415.9678713161866	160.4810684955044
 2416.4460423264604	159.85403120648297
 2416.9238098285523	159.22654238256624
 2417.4011741043787	158.59860248173104
 2417.8781354355883	157.9702119618493
 2418.354694103562	157.34137128068724
 2418.830850389413	156.71208089590488
 2419.3066045739906	156.0823412650552
 2419.781956937879	155.4521528455836
 2420.2569077613994	154.82151609482725
 2420.731457324611	154.1904314700143
 2421.205605907312	153.55889942826335
 2421.6793537890417	152.92692042658277
 2422.15270124908	152.29449492186998
 2422.62564856645	151.66162337091086
 2423.0981960199174	151.028306230379
 2423.570343887994	150.39454395683512
 2424.042092448937	149.76033700672636
 2424.5134419807505	149.12568583638566
 2424.984392761186	148.49059090203104
 2425.4549450677455	147.855052659765
 2425.9250991776803	147.21907156557378
 2426.3948553679934	146.5826480753268
 2426.8642139154404	145.9457826447759
 2427.33317509653	145.30847572955474
 2427.801739187525	144.6707277851781
 2428.269906464445	144.0325392670412
 2428.737677203065	143.3939106304191
 2429.2050516789186	142.75484233046603
 2429.6720301672976	142.11533482221466
 2430.138612943254	141.47538856057548
 2430.6048002816	140.8350040003361
 2431.07059245691	140.19418159616072
 2431.5359897435214	139.55292180258922
 2432.000992415535	138.91122507403674
 2432.465600746817	138.26909186479287
 2432.9298150109985	137.62652262902108
 2433.3936354814787	136.98351782075795
 2433.857062431424	136.34007789391262
 2434.3200961337693	135.696203302266
 2434.78273686122	135.05189449947028
 2435.2449848862525	134.40715193904805
 2435.706840481114	133.76197607439184
 2436.168303917825	133.1163673587633
 2436.6293754681806	132.47032624529268
 2437.090055403749	131.823853186978
 2437.550343995875	131.17694863668456
 2438.0102415156803	130.52961304714412
 2438.469748234063	129.8818468709544
 2438.9288644217004	129.23365056057827
 2439.387590349049	128.5850245683432
 2439.8459262863457	127.93596934644044
 2440.3038725036095	127.28648534692462
 2440.7614292706403	126.63657302171282
 2441.2185968570216	125.98623282258406
 2441.675375532121	125.3354652011786
 2442.131765565091	124.68427060899728
 2442.58776722487	124.03264949740087
 2443.043380780183	123.3806023176094
 2443.4986064995423	122.72812952070149
 2443.95344465125	122.0752315576137
 2444.4078955033956	121.4219088791399
 2444.8619593238604	120.76816193593058
 2445.315636380317	120.11399117849216
 2445.7689269402285	119.45939705718638
 2446.2218312708524	118.80438002222967
 2446.6743496392387	118.1489405236924
 2447.1264823122333	117.49307901149831
 2447.5782295564763	116.83679593542381
 2448.0295916384052	116.18009174509731
 2448.480568824254	115.52296688999863
 2448.9311613800546	114.86542181945826
 2449.381369571638	114.20745698265678
 2449.831193664635	113.54907282862415
 2450.280633924476	112.89026980623909
 2450.7296906163942	112.2310483642284
 2451.178364005423	111.57140895116635
 2451.6266543564006	110.91135201547397
 2452.0745619339677	110.25087800541843
 2452.5220870025696	109.5899873691124
 2452.9692298264576	108.92868055451336
 2453.4159906696887	108.26695800942302
 2453.8623697961266	107.60482018148657
 2454.308367469443	106.94226751819212
 2454.753983953118	106.27930046687
 2455.1992195104413	105.61591947469212
 2455.6440744045117	104.95212498867134
 2456.0885488982394	104.28791745566082
 2456.5326432543466	103.62329732235335
 2456.976357735367	102.95826503528072
 2457.419692603648	102.29282104081308
 2457.86264812135	101.62696578515829
 2458.305224550449	100.96069971436127
 2458.747422152736	100.29402327430336
 2459.189241189817	99.62693691070166
 2459.6306819231168	98.95944106910845
 2460.071744613876	98.29153619491048
 2460.512429523154	97.62322273332833
 2460.9527369118296	96.95450112941585
 2461.392667040601	96.2853718280594
 2461.832220169986	95.61583527397732
 2462.2713965603252	94.94589191171924
 2462.7101964717795	94.27554218566543
 2463.148620164333	93.60478654002618
 2463.5866678977927	92.9336254188412
 2464.0243399317906	92.26205926597892
 2464.461636525782	91.5900885251359
 2464.8985579390483	90.91771363983618
 2465.335104430696	90.24493505343065
 2465.7712762596593	89.57175320909643
 2466.2070736846995	88.89816854983619
 2466.6424969644054	88.2241815184776
 2467.077546357195	87.54979255767262
 2467.512222121315	86.87500210989694
 2467.946524514843	86.1998106174493
 2468.380453795687	85.52421852245088
 2468.814010221586	84.84822626684468
 2469.2471940501114	84.17183429239489
 2469.680005538666	83.49504304068626
 2470.112444944488	82.81785295312348
 2470.5445125246474	82.14026447093055
 2470.9762085360503	81.46227803515018
 2471.407533235437	80.78389408664316
 2471.8384868793833	80.1051130660877
 2472.269069724303	79.42593541397888
 2472.699282026445	78.74636157062795
 2473.1291240418973	78.06639197616181
 2473.5585960265857	77.3860270705223
 2473.987698236275	76.70526729346564
 2474.4164309265684	76.02411308456178
 2474.8447943529104	75.34256488319383
 2475.272788770586	74.6606231285574
 2475.700414434721	73.97828825966003
 2476.1276716002835	73.29556071532053
 2476.554560522084	72.61244093416842
 2476.981081454776	71.92892935464327
 2477.4072346528555	71.24502641499416
 2477.8330203706646	70.560732553279
 2478.258438862389	69.87604820736395
 2478.68349038206	69.19097381492286
 2479.1081751835545	68.50550981343657
 2479.5324935205967	67.8196566401924
 2479.956445646757	67.1334147322835
 2480.380031815453	66.44678452660825
 2480.8032522799517	65.75976645986968
 2481.226107293368	65.07236096857484
 2481.6485971086663	64.38456848903424
 2482.0707219786605	63.69638945736121
 2482.4924821560144	63.00782430947133
 2482.913877893244	62.31887348108186
 2483.334909442715	61.62953740771108
 2483.755577056646	60.939816524677745
 2484.175880987108	60.249711267100494
 2484.595821486025	59.55922206989723
 2485.0153988051743	58.86834936778456
 2485.434613196187	58.17709359527718
 2485.8534649105486	57.485455186687304
 2486.2719541996003	56.79343457612408
 2486.690081314538	56.10103219749299
 2487.1078465064143	55.40824848449528
 2487.525250026138	54.715083870627375
 2487.942292124475	54.021538789180276
 2488.3589730520484	53.327613673239014
 2488.77529305934	52.63330895568205
 2489.19125239669	51.938625069180674
 2489.6068513142964	51.24356244619849
 2490.022090062218	50.548121518990776
 2490.436968890373	49.85230271960394
 2490.85148804854	49.15610647987495
 2491.265647786359	48.45953323143073
 2491.6794483533304	47.762583405687636
 2492.092889998817	47.06525743385084
 2492.505972972044	46.36755574691379
 2492.9186975220996	45.66947877565763
 2493.331063897934	44.97102695065064
 2493.7430723483626	44.27220070224765
 2494.154723122064	43.573000460589505
 2494.566016467581	42.873426655602486
 2494.9769526333225	42.17347971699775
 2495.3875318675623	41.47316007427076
 2495.7977544184396	40.77246815670075
 2496.207620533961	40.071404393350136
 2496.617130461999	39.36996921306398
 2497.026284450293	38.66816304446944
 2497.435082746452	37.96598631597517
 2497.8435255979502	37.263439455770836
 2498.2516132521323	36.56052289182651
 2498.6593459562114	35.857237051892135
 2499.0667239572695	35.15358236349698
 2499.473747502259	34.4495592539491
 2499.8804168380016	33.745168150334756
 2500.28673221119	33.040409479517905
 2500.6926938683887	32.335283668139645
 2501.0983020560316	31.629791142617655
 2501.503557020426	30.923932329145675
 2501.9084590077505	30.217707653692955
 2502.3130082640564	29.511117542003717
 2502.7172050352683	28.804162419596615
 2503.121049567184	28.0968427117642
 2503.5245421054747	27.38915884357239
 2503.927682895686	26.681111239859924
 2504.3304721832374	25.972700325237838
 2504.732910213424	25.263926524088934
 2505.134997231416	24.55479026056724
 2505.5367334822586	23.8452919585975
 2505.9381192108735	23.13543204187462
 2506.339154662059	22.425210933863166
 2506.7398400804896	21.71462905779683
 2507.140175710717	21.003686836677907
 2507.54016179717	20.292384693276766
 2507.939798584156	19.580723050131336
 2508.33908631586	18.868702329546593
 2508.7380252363455	18.156322953594028
 2509.136615589555	17.443585344111135
 2509.5348576193096	16.730489922700905
 2509.932751569311	16.0170371107313
 2510.3302976831405	15.30322732933475
 2510.7274962042593	14.589060999407629
 2511.1243473760087	13.874538541609757
 2511.5208514416117	13.159660376363888
 2511.9170086441727	12.444426923855202
 2512.3128192266768	11.728838604030798
 2512.7082834319913	11.012895836599196
 2513.103401502866	10.296599041029822
 2513.4981736819327	9.579948636552519
 2513.8926002117073	8.862945042157042
 2514.2866813345872	8.145588676592556
 2514.6804172928546	7.427879958367145
 2515.0738083286747	6.70981930574731
 2515.466854684097	5.991407136757478
 2515.8595566010563	5.27264386917951
 2516.2519143213704	4.553529920552206
 2516.6439280867435	3.8340657081708165
 2517.0355981387647	3.1142516490865537
 2517.426924718909	2.3940881601061035
 2517.8179080685372	1.6735756577911411
 2518.2085484288964	0.9527145584578445
 2518.5988460411195	0.2315052781764123
 2518.988801146227	-0.4900517672294177
